1:2,7,8,1,8,6,4,9,1,5,7,2,8,6,8,7,7,3,8,1,7,6,4,9,3,1,1,5,6,3
2:6,7,2,3,7,6,3,4,5,3,8,6,5,8,6,5,1,3,3,1,3,4,9,4,5,5,1,4,1,7
3:1,9,9,5,4,2,1,7,5,2,1,5,4,2,1,6,2,5,5,5,1,1,6,7,2,6,6,5,4,4
4:3,2,5,7,1,4,5,7,4,6,1,4,5,9,8,7,9,7,9,8,5,8,7,5,1,3,4,7,5,6
5:6,3,3,8,6,9,7,7,4,6,1,5,4,8,1,4,8,1,5,5,8,9,5,6,3,6,2,7,1,9
6:2,5,5,6,7,8,3,4,3,8,8,7,5,2,4,5,3,8,6,9,9,9,5,6,1,9,1,6,6,9
7:5,8,5,4,4,2,5,1,2,1,4,9,8,3,3,4,1,8,9,2,6,7,1,3,8,7,6,4,1,5
8:4,9,5,9,5,9,8,8,2,3,5,2,4,1,7,6,1,5,2,4,6,8,2,1,1,9,6,9,5,6
9:7,5,9,1,4,6,3,7,5,3,1,4,7,8,2,4,3,6,7,5,8,3,4,5,4,9,9,6,4,3
10:1,1,4,6,9,2,9,4,7,5,7,6,3,6,7,7,5,5,3,6,3,4,4,5,9,6,8,1,9,1
11:7,8,6,3,7,9,2,7,6,3,1,8,2,2,9,3,1,3,6,1,9,4,2,9,4,9,9,4,1,4
12:1,1,4,3,9,2,9,9,8,6,8,1,8,7,7,7,2,9,3,4,9,1,9,2,6,3,2,7,9,8
13:7,5,8,7,6,5,4,1,5,3,3,4,3,3,7,2,2,8,2,1,2,9,3,5,8,6,7,6,1,4
14:7,7,6,4,5,7,6,3,8,2,3,7,4,8,5,2,8,8,6,4,8,6,8,8,2,5,5,7,2,1
15:3,1,4,5,6,5,9,5,8,3,5,7,5,7,8,4,7,2,8,3,7,1,2,3,1,1,8,1,1,6
16:5,7,5,6,4,5,6,3,8,3,8,9,2,2,6,7,2,5,5,9,1,9,1,8,3,4,3,7,2,2
17:9,3,3,3,4,3,8,3,7,1,2,6,4,7,7,6,5,9,7,9,2,5,1,8,3,8,2,5,1,9
18:8,4,4,9,8,1,7,4,4,8,7,1,6,5,5,3,8,6,4,1,8,8,9,3,5,5,8,6,8,9
19:6,2,2,9,7,8,2,6,6,9,3,7,3,5,6,6,7,1,6,4,8,2,4,2,2,7,1,5,1,1
20:1,6,9,8,9,7,5,2,2,2,8,5,1,1,5,1,6,7,4,4,9,3,8,5,2,9,5,3,5,9
21:5,4,5,6,3,9,7,6,7,3,8,9,1,6,4,3,1,8,5,8,6,8,6,4,3,3,6,2,3,9
22:7,2,1,7,1,2,9,6,2,3,7,5,4,4,1,1,1,8,6,8,8,3,7,8,7,5,5,5,7,7
23:1,7,9,6,4,2,9,7,3,5,7,6,6,4,9,7,8,7,9,6,5,8,3,4,3,1,6,6,5,4
24:8,1,3,6,6,6,3,7,7,3,5,9,6,2,6,4,1,5,4,4,7,2,3,8,4,4,9,7,8,9
25:8,9,8,7,4,9,9,2,8,8,2,8,8,2,1,1,8,3,5,3,1,1,1,6,5,8,3,2,2,5
26:7,8,7,3,6,6,1,8,1,1,1,3,3,4,9,5,5,9,2,9,4,8,3,3,8,7,7,9,8,1
27:1,1,4,3,9,2,9,9,8,6,8,1,8,7,7,7,2,9,3,4,9,1,9,2,6,3,2,7,9,4
28:9,4,8,7,8,5,1,4,1,6,4,8,2,2,7,9,3,4,3,3,2,9,8,3,2,3,1,9,4,1
29:7,9,9,2,3,5,8,8,7,3,2,8,5,2,7,4,8,2,3,4,5,7,5,4,6,6,9,7,9,3
30:3,7,2,6,7,7,6,1,6,9,5,6,1,1,7,1,5,2,3,2,4,7,5,3,6,1,6,9,5,5
31:7,7,3,9,4,3,8,4,1,8,7,7,4,8,7,7,4,8,6,7,2,9,7,5,2,2,6,3,9,4
32:4,7,7,1,8,1,6,7,2,9,6,3,1,2,4,6,3,7,8,7,1,8,5,5,2,7,4,6,2,1
33:6,4,2,5,9,4,9,5,5,5,9,6,7,8,4,2,1,9,7,5,8,1,4,9,1,7,3,8,1,7
34:3,5,4,5,5,7,2,1,5,3,7,8,3,7,4,7,4,9,6,7,9,5,1,6,2,9,3,6,4,2
35:4,8,7,1,8,7,1,2,6,2,2,2,6,2,6,8,6,6,2,5,3,7,4,9,3,1,5,2,5,1
36:8,9,7,2,2,8,3,5,7,9,5,8,5,2,6,7,6,2,1,4,6,9,5,1,9,1,5,5,4,1
37:5,2,2,9,7,8,2,6,6,9,3,7,3,5,6,6,7,1,6,4,8,2,4,2,2,7,1,5,1,1
38:7,2,6,8,3,7,4,1,4,5,1,2,1,9,6,8,3,1,1,6,4,3,3,2,1,1,4,8,3,8
39:6,9,2,4,9,8,9,5,8,3,2,2,8,7,3,8,6,6,1,1,8,7,9,7,3,9,6,8,5,1
40:6,5,2,5,3,9,8,3,3,9,8,2,3,5,6,2,3,7,7,5,2,2,1,6,6,7,1,4,9,9
41:6,2,1,3,8,6,3,9,3,2,4,4,3,8,7,8,1,1,7,7,5,7,6,1,4,3,2,4,7,3
42:8,1,6,2,8,3,9,6,4,3,4,4,9,4,1,4,1,8,3,8,5,8,2,2,2,2,6,6,2,9
43:9,7,5,8,6,8,3,9,4,6,9,3,8,8,5,2,5,7,7,7,9,4,2,3,4,3,7,6,6,1
44:2,7,8,4,4,8,6,2,6,9,9,3,7,3,2,5,4,4,9,3,4,8,9,3,5,3,1,2,2,9
45:1,8,2,3,5,5,4,9,3,6,3,6,4,8,2,7,8,6,6,2,6,4,6,7,3,3,1,1,4,9
46:7,4,4,3,9,3,7,9,9,9,2,2,2,2,1,7,5,8,1,1,3,9,7,2,6,1,6,6,3,5
47:7,8,2,4,2,3,6,7,9,1,8,3,9,9,1,6,8,7,2,9,7,3,5,6,6,5,8,5,3,7
48:1,5,1,7,8,9,9,3,7,1,5,5,3,7,1,5,6,7,4,5,4,3,3,5,8,9,3,2,2,3
49:4,3,2,2,9,5,3,3,6,1,1,1,1,2,5,9,1,2,9,6,2,7,3,9,8,3,8,1,9,7
50:9,2,4,3,7,7,5,2,2,8,2,6,9,8,3,3,1,3,6,7,6,9,6,4,9,8,8,1,4,4
51:4,1,8,9,5,7,5,2,3,1,8,4,5,6,6,5,6,3,2,1,9,3,9,1,3,4,6,1,1,1
52:1,8,1,3,9,1,1,4,6,9,5,1,4,8,6,4,8,7,1,9,8,4,4,8,7,7,2,9,1,5
53:2,5,2,2,9,1,8,6,3,5,2,5,2,9,8,3,1,1,6,4,8,1,8,8,6,6,3,2,2,9
54:5,2,3,1,4,6,6,4,9,9,1,5,9,4,5,3,6,3,1,7,4,4,8,6,7,6,9,2,7,7
55:5,3,3,2,8,2,9,7,8,2,3,9,5,9,4,8,7,8,1,5,5,4,4,6,8,3,9,7,1,4
56:4,5,6,5,9,4,4,8,8,2,4,4,2,3,2,5,5,1,8,3,9,5,9,6,9,6,3,7,6,8
57:6,3,4,5,9,9,1,8,3,4,9,3,1,9,2,9,6,8,9,1,4,7,9,3,2,3,1,3,3,1
58:4,8,8,9,6,7,6,2,1,8,8,4,2,6,2,3,7,9,4,9,6,5,8,2,6,6,4,5,5,4
59:3,5,1,2,3,4,7,9,3,6,3,9,3,4,6,1,9,5,7,5,8,1,1,6,1,3,8,4,8,5
60:1,7,7,1,2,6,8,7,7,7,7,1,2,3,5,8,6,5,9,6,5,9,1,1,8,8,6,6,4,2
61:9,1,9,2,9,4,8,5,5,2,6,3,8,8,9,3,1,5,8,8,7,5,2,3,2,6,2,7,3,3
62:2,5,6,4,3,6,8,5,1,7,4,6,9,6,5,1,1,3,5,4,1,5,8,9,2,5,1,5,6,5
63:8,4,9,5,7,3,1,2,3,7,5,2,7,1,7,6,7,6,4,6,4,6,2,1,5,7,9,5,3,9
64:8,2,9,9,9,4,2,8,7,5,8,7,5,6,6,7,7,4,6,1,3,6,5,2,7,6,6,8,9,4
65:2,7,8,5,9,3,1,5,3,7,6,7,3,5,9,4,3,4,9,4,6,4,5,5,8,1,8,1,1,1
66:4,4,6,9,1,2,1,8,8,5,1,9,1,8,2,4,5,2,3,9,5,6,4,4,9,2,3,5,4,6
67:1,1,4,3,9,2,9,9,8,6,8,1,8,7,7,5,2,9,3,4,9,1,9,2,6,3,2,7,9,8
68:6,6,3,6,4,1,8,3,9,8,8,1,7,2,4,5,5,8,2,6,7,4,4,2,4,3,9,4,4,1
69:2,5,6,4,3,6,8,5,1,7,4,6,9,6,5,1,1,3,5,4,1,5,8,9,2,5,1,5,6,7
70:5,4,6,7,4,4,9,3,3,8,4,8,7,3,1,6,9,6,5,3,1,3,3,6,3,8,3,3,9,2
71:1,4,6,1,9,4,6,9,4,3,8,7,6,9,1,7,7,3,4,9,1,5,6,8,3,3,3,9,2,4
72:8,8,9,2,8,6,2,2,3,5,6,3,5,2,1,3,4,5,4,7,8,4,4,2,6,9,3,1,3,6
73:2,6,1,6,2,9,8,7,5,8,6,5,8,6,9,3,2,1,5,6,1,3,4,5,6,2,7,1,4,1
74:7,3,1,3,8,6,8,8,9,7,7,5,7,7,4,9,6,7,6,1,8,6,9,4,5,9,7,6,9,8
75:6,1,9,5,5,3,4,3,5,5,9,5,2,6,3,9,6,4,3,5,4,3,5,1,4,7,5,8,8,9
76:6,7,2,1,7,9,7,7,9,6,3,6,5,1,8,8,3,6,6,8,2,2,6,3,4,1,5,5,1,4
77:9,9,6,1,6,5,2,4,9,2,1,2,9,4,1,1,4,5,7,5,5,5,3,7,3,7,3,9,2,6
78:8,2,9,9,9,4,2,8,7,5,8,7,5,6,6,7,7,4,6,1,3,6,5,2,7,6,6,8,2,4
79:5,4,9,9,9,5,8,1,3,9,4,7,1,5,1,3,7,3,5,6,9,5,6,1,1,6,6,5,5,9
80:7,4,4,2,3,2,2,2,5,6,8,1,6,9,2,3,1,7,9,5,8,2,1,3,5,3,4,5,1,8
81:1,1,7,1,8,6,1,8,5,2,4,6,8,4,6,9,2,9,3,8,7,6,3,9,2,8,2,2,3,1
82:7,2,8,1,3,1,8,2,6,3,1,2,4,4,8,1,6,5,5,5,4,9,3,2,7,1,8,2,1,2
83:9,1,9,4,6,1,6,5,3,3,5,7,9,2,7,2,3,8,6,5,1,8,2,7,5,9,4,7,6,7
84:5,4,6,7,4,4,9,3,3,8,4,8,7,3,1,6,9,6,5,3,1,3,3,6,2,8,3,3,9,2
85:2,1,7,4,4,1,3,3,4,8,7,6,4,9,6,1,7,3,4,1,3,9,4,7,6,2,5,8,2,8
86:6,9,6,6,3,2,9,6,5,5,9,5,2,6,2,4,2,1,9,4,3,1,6,8,4,1,9,3,7,6
87:8,9,7,2,2,8,3,5,7,9,5,8,5,2,6,7,6,2,1,4,6,9,5,1,9,1,5,5,4,8
88:7,5,5,1,5,6,1,4,6,3,8,3,6,6,8,1,7,2,3,9,6,6,8,4,8,5,4,2,1,8
89:6,2,1,3,8,6,3,9,3,2,4,4,3,8,7,8,1,1,7,7,5,7,6,1,4,3,2,4,7,2
90:1,3,9,6,6,1,5,2,2,7,5,6,3,3,5,4,9,4,1,6,7,5,8,4,1,4,2,4,3,2
91:5,1,8,6,2,3,6,1,9,7,4,4,7,9,2,2,8,4,8,8,5,9,2,6,5,4,5,5,6,8
92:2,7,8,5,9,3,1,5,3,7,6,7,3,5,9,4,3,4,9,4,6,4,5,5,8,1,1,1,1,3
93:8,3,2,8,8,7,4,7,5,9,4,3,7,7,5,6,1,5,4,5,9,7,2,7,4,4,4,3,3,1
94:7,8,7,3,6,6,1,8,1,1,1,3,3,4,9,5,5,9,2,9,4,8,3,3,8,7,7,9,8,3
95:5,3,6,4,6,3,9,1,6,7,6,5,6,3,8,2,2,1,9,2,3,7,1,7,6,2,7,2,5,5
96:5,3,3,2,9,2,9,7,8,2,3,9,5,9,4,8,7,8,1,5,5,4,4,6,8,3,9,7,1,7
97:1,6,7,8,3,1,2,5,2,5,2,5,3,4,8,3,5,8,3,1,6,6,5,4,5,1,8,9,7,2
98:1,6,9,8,9,7,5,2,2,6,8,5,1,1,5,1,6,7,4,4,9,3,8,5,2,9,5,3,5,9
99:6,6,5,3,6,3,6,7,9,6,8,3,1,8,2,4,3,5,8,7,8,2,4,5,9,6,3,4,9,2
100:7,4,9,5,5,2,2,3,9,4,6,4,3,4,3,5,2,8,3,6,6,6,5,2,9,1,2,3,1,7
101:5,7,6,5,7,6,7,1,1,6,2,9,9,5,9,7,8,4,3,1,9,7,6,9,8,6,4,7,3,9
102:7,6,4,1,7,1,7,9,4,4,2,1,4,1,9,6,4,2,4,7,4,6,8,4,3,3,9,5,7,1
103:7,4,9,5,5,2,2,3,9,4,6,4,3,4,3,5,2,8,3,6,6,6,5,2,9,1,2,6,1,7
104:3,8,9,1,8,7,5,5,2,8,8,7,6,4,8,8,7,4,3,8,9,2,9,9,6,5,8,4,7,2
105:8,3,9,5,4,7,8,2,1,1,3,5,2,4,4,5,4,8,7,6,8,9,7,6,6,9,1,5,3,5
106:4,4,2,5,9,8,4,3,2,5,8,7,3,1,5,7,2,4,8,7,8,1,5,6,6,5,4,6,1,4
107:6,4,5,6,4,3,3,4,2,2,2,1,1,2,8,9,9,2,9,6,8,6,4,5,7,6,9,4,8,7
108:3,5,1,2,3,4,7,9,3,6,3,9,3,4,6,1,9,5,7,5,8,1,1,6,4,3,8,4,8,5
109:5,9,9,3,7,8,2,2,1,4,8,7,4,1,6,8,1,4,5,3,8,9,9,3,6,8,9,8,8,1
110:6,3,4,5,9,9,1,8,3,4,9,3,1,9,2,9,6,8,9,1,4,7,9,3,2,6,1,3,3,9
111:5,4,5,1,4,6,8,5,9,1,9,1,9,6,9,3,8,4,5,4,2,4,4,3,3,8,4,3,6,6
112:7,7,7,3,9,8,6,3,9,8,1,8,8,9,4,3,2,9,5,4,9,7,7,7,2,6,8,7,9,9
113:9,2,4,3,7,7,5,2,2,8,2,6,9,8,3,3,1,3,6,7,6,9,6,4,8,8,8,1,4,9
114:1,1,1,2,8,3,8,1,4,7,9,2,3,1,5,1,9,9,4,5,5,4,7,5,8,6,9,2,7,6
115:5,6,8,6,9,3,3,4,5,4,6,6,2,1,9,4,2,5,3,2,9,3,1,2,5,6,2,4,6,7
116:3,3,7,1,4,2,7,3,9,2,1,9,9,4,6,2,5,6,6,8,6,3,6,9,4,9,5,5,8,3
117:7,8,2,3,3,8,3,8,5,8,8,5,7,6,4,2,1,9,5,7,3,9,8,8,6,1,1,9,9,2
118:6,9,3,8,9,4,3,1,5,9,2,5,4,9,2,3,8,7,6,9,9,1,5,8,6,8,9,8,9,7
119:8,1,4,9,2,6,3,4,6,5,2,9,4,5,1,2,5,8,5,2,7,4,1,8,1,5,8,7,2,2
120:5,6,5,7,9,7,6,7,1,8,4,6,9,4,8,8,5,4,6,6,4,3,7,7,2,8,9,1,9,2
121:9,4,8,6,7,9,1,7,2,3,4,2,5,5,4,2,2,7,2,7,9,3,6,3,9,8,6,1,8,5
122:2,5,6,4,3,6,8,5,1,7,4,6,9,6,5,1,1,3,5,4,1,5,8,9,2,3,1,5,6,7
123:3,8,4,2,3,8,7,5,4,5,7,4,7,7,5,5,7,5,8,5,6,6,2,1,4,2,1,4,3,3
124:3,6,1,5,9,5,9,8,7,4,6,9,3,7,8,1,3,6,7,5,5,7,4,9,5,2,7,5,6,3
125:9,5,5,5,8,2,2,8,2,6,3,6,2,9,1,2,9,7,9,9,2,2,9,5,1,7,9,9,2,7
126:9,1,1,9,4,6,2,6,5,6,9,4,2,3,2,5,6,8,1,8,9,5,9,4,5,6,6,5,3,7
127:4,7,3,1,2,4,9,5,3,9,1,4,3,6,3,3,4,4,6,9,2,2,6,4,5,4,2,1,3,4
128:3,8,4,2,3,8,7,5,4,5,7,4,7,7,5,5,7,5,8,5,6,6,2,1,4,2,1,4,3,3
129:1,7,7,2,4,3,9,4,5,6,3,3,7,3,6,9,6,8,5,5,3,9,3,4,6,2,5,6,1,3
130:7,2,8,1,3,1,8,2,6,3,1,2,4,4,8,1,6,5,5,5,4,9,3,2,7,1,8,2,1,5
131:1,5,2,5,4,4,1,8,8,6,3,3,6,6,4,3,6,6,3,5,7,3,9,9,4,6,6,7,5,7
132:2,4,2,6,7,9,2,3,6,5,7,1,2,5,4,4,9,9,6,5,4,4,8,4,5,4,2,7,2,8
133:8,7,2,3,8,4,2,3,2,7,1,5,3,1,2,7,7,8,8,6,1,6,5,3,2,7,5,7,8,3
134:3,3,7,1,4,2,7,3,9,2,1,9,9,4,6,2,5,6,6,5,6,3,6,9,4,9,5,5,8,3
135:1,2,7,9,4,9,7,1,7,8,2,1,8,6,5,9,1,7,9,6,5,7,7,2,4,1,8,3,2,2
136:3,8,8,7,5,2,9,4,6,7,5,8,2,3,9,1,9,9,5,6,1,9,5,5,6,8,4,4,9,5
137:4,7,5,2,6,3,8,6,7,1,8,5,4,6,7,1,6,9,2,6,6,2,2,1,1,5,2,1,3,9
138:9,8,1,2,6,8,6,4,9,6,9,6,8,3,1,5,9,9,4,6,8,5,3,2,5,5,1,5,2,3
139:1,1,7,1,8,6,1,8,5,2,4,6,8,4,6,9,2,9,3,8,7,6,3,9,2,8,2,2,3,3
140:3,1,4,5,6,5,9,5,8,3,5,7,5,7,8,4,7,2,8,3,7,1,2,3,1,1,8,1,1,9
141:9,2,3,3,8,4,7,1,2,6,8,2,7,6,8,1,9,6,9,8,8,4,3,3,3,9,9,6,5,3
142:2,4,2,6,7,9,2,3,6,5,7,1,2,5,4,4,9,2,6,5,4,4,8,4,5,4,2,7,2,1
143:2,7,3,8,5,7,4,2,8,4,5,1,7,3,7,6,8,1,3,9,6,5,6,4,3,9,9,6,1,2
144:1,7,7,9,1,1,2,5,4,1,2,9,1,3,1,8,9,4,4,8,4,5,9,2,2,6,5,3,9,2
145:9,8,5,4,1,8,3,3,9,8,9,5,5,8,5,3,9,8,5,3,7,9,6,5,7,3,8,4,8,8
146:6,1,7,9,8,3,3,5,7,8,9,4,3,8,5,1,5,3,8,3,3,3,9,8,7,7,6,5,6,4
147:2,3,5,7,3,9,6,6,8,3,6,1,3,7,9,6,2,7,3,8,4,2,6,4,3,4,5,5,7,8
148:8,5,5,6,9,5,1,9,5,1,3,2,4,6,9,7,6,4,7,7,7,2,9,1,3,8,5,3,7,4
149:9,7,5,8,6,8,3,9,4,6,9,3,8,8,5,2,5,7,7,7,9,4,2,3,4,3,7,6,6,9
150:6,4,5,6,4,3,3,4,2,2,2,1,1,2,8,9,9,2,9,6,8,6,4,5,7,6,9,4,8,7
151:2,1,5,9,6,1,4,5,2,7,1,9,9,6,5,6,1,5,9,4,8,6,6,3,6,4,9,6,4,6
152:9,8,5,7,7,7,8,8,7,9,3,7,8,6,2,7,9,8,5,3,2,3,9,2,1,2,7,1,8,5
153:3,6,1,3,6,6,6,8,1,7,7,3,5,4,6,4,4,5,3,9,8,6,4,9,7,9,4,6,4,5
154:7,2,9,3,9,6,7,9,8,1,4,8,9,1,9,8,6,2,2,4,6,1,8,4,5,1,3,3,7,6
155:1,7,6,1,9,3,4,4,2,3,1,9,9,7,8,6,1,4,5,1,3,6,3,8,6,3,2,8,9,9
156:2,5,9,4,8,5,9,4,4,5,2,6,8,7,4,2,2,1,3,1,9,2,4,9,3,7,8,7,2,4
157:5,8,1,6,7,7,8,6,9,6,2,1,8,5,2,2,2,8,9,8,6,2,8,5,6,5,4,2,5,5
158:7,2,9,3,9,6,7,9,8,1,4,8,9,1,9,8,6,2,2,4,6,1,8,4,5,1,3,3,7,7
159:2,5,8,3,2,4,3,5,7,3,3,4,2,4,7,7,1,2,9,6,2,8,3,1,7,5,7,5,6,8
160:5,8,7,2,5,5,8,8,4,5,5,3,5,3,9,1,6,1,2,2,9,6,4,4,7,5,6,6,7,8
161:7,1,9,5,7,3,9,1,6,7,7,8,1,3,8,9,7,5,4,4,7,9,1,5,1,4,3,2,2,2
162:3,3,8,2,5,7,1,3,5,8,5,3,2,2,5,3,3,3,4,4,8,5,2,2,8,3,9,2,2,5
163:1,2,9,9,6,5,1,6,8,1,1,5,4,6,1,1,7,9,2,4,5,8,7,7,4,2,6,9,2,4
164:7,8,5,2,9,5,7,6,6,2,5,8,1,6,5,5,5,6,5,1,2,9,9,5,2,2,4,7,2,7
165:6,1,1,7,8,7,8,4,5,8,7,9,1,5,7,8,3,7,5,6,8,5,2,6,7,4,9,3,8,7
166:7,3,9,9,3,7,3,7,2,5,9,2,2,5,4,3,5,9,5,1,2,6,5,6,9,9,2,3,7,4
167:4,7,3,1,2,4,9,5,3,9,1,4,3,6,3,3,4,4,6,9,2,2,6,4,5,4,2,1,3,4
168:8,7,4,6,9,4,3,1,4,8,1,7,6,2,7,9,5,1,3,9,7,4,8,3,2,2,5,7,4,6
169:2,6,5,1,5,6,8,4,4,4,4,6,3,4,8,3,2,6,8,3,5,5,8,1,1,3,9,9,3,3
170:2,8,8,4,5,2,3,8,5,3,7,9,6,3,3,5,8,1,1,3,8,8,5,5,1,1,7,5,6,8
171:4,9,9,6,6,7,1,9,5,9,9,9,1,8,2,3,4,2,7,3,4,3,8,5,8,7,4,9,4,9
172:7,8,4,1,5,2,9,9,5,9,2,3,4,9,6,1,9,6,7,1,6,5,3,5,7,4,5,7,7,8
173:7,8,2,3,3,8,3,8,5,8,8,5,7,6,4,2,1,9,5,7,3,9,8,8,6,1,1,9,9,3
174:7,2,1,7,1,2,9,6,2,3,7,5,4,4,1,1,4,8,6,8,8,3,7,8,7,5,5,5,7,5
175:6,7,1,4,7,7,2,8,3,8,8,3,9,2,3,7,6,3,3,5,6,1,4,4,6,2,7,3,2,2
176:1,6,9,8,9,7,5,2,2,2,8,5,1,1,5,1,6,7,4,4,9,3,8,5,2,9,5,3,5,6
177:7,8,2,3,3,8,3,8,5,8,8,5,7,6,4,2,1,9,5,7,7,9,8,8,6,1,1,9,9,3
178:4,4,1,5,3,3,3,2,2,6,4,7,8,9,3,7,6,9,9,2,9,6,4,8,3,2,6,5,8,9
179:2,6,1,6,2,9,8,7,5,8,6,5,8,7,9,3,2,1,5,6,1,3,4,5,6,2,7,1,4,7
180:9,2,3,3,8,4,7,1,2,6,8,2,7,6,8,1,9,6,9,8,8,4,3,3,3,9,9,6,5,6
181:5,4,5,6,3,9,7,6,7,3,8,9,1,6,4,3,1,8,5,8,6,8,6,4,3,3,6,2,3,6
182:4,7,3,1,2,4,9,5,3,9,1,4,3,6,3,3,4,4,6,9,2,2,6,4,5,4,2,1,3,4
183:1,1,7,1,8,6,1,8,5,2,4,6,8,4,6,9,2,9,3,8,7,6,3,9,8,8,2,2,3,3
184:9,7,3,4,2,4,3,9,2,1,8,5,1,8,9,2,8,8,1,7,8,8,1,8,4,9,5,4,8,7
185:2,7,6,4,9,1,4,7,5,2,3,8,1,3,9,6,9,9,1,5,8,4,9,7,7,8,4,7,5,7
186:9,7,5,8,6,8,3,9,4,6,9,3,8,8,5,2,5,7,7,7,9,4,2,3,4,3,7,6,6,9
187:8,2,1,8,6,7,6,2,5,5,3,4,8,9,4,5,1,9,3,3,3,4,4,3,7,1,7,1,3,1
188:5,2,2,9,7,8,2,6,6,9,3,7,3,5,6,6,7,1,6,4,8,2,4,2,2,7,1,5,1,8
189:1,1,4,6,9,2,9,4,9,5,7,6,3,6,7,7,5,5,3,6,3,4,4,5,9,6,8,1,9,1
190:5,2,4,6,4,6,4,8,4,3,9,7,7,6,3,9,1,3,9,6,6,5,9,8,2,6,4,5,8,2
191:6,4,5,6,4,3,3,4,2,2,2,1,1,2,8,9,9,2,9,6,8,6,9,5,7,6,9,4,8,7
192:6,4,1,6,1,4,6,1,6,6,1,9,7,2,3,8,3,2,2,5,3,5,8,2,1,2,8,3,5,5
193:5,9,9,3,7,8,2,3,1,4,8,7,4,1,6,8,1,4,5,3,8,9,9,3,6,8,9,8,8,1
194:8,8,4,4,1,7,7,8,5,8,2,8,6,4,5,5,7,3,7,9,9,2,6,8,4,9,9,6,9,5
195:3,7,2,6,7,7,6,1,6,9,5,6,1,1,7,5,5,2,3,2,4,7,5,3,6,1,6,9,5,5
196:3,5,9,4,7,2,4,6,5,8,2,6,4,9,2,2,8,8,9,2,9,9,5,1,1,3,5,1,3,7
197:2,7,8,2,9,4,2,3,8,8,1,6,8,1,4,1,7,7,9,2,1,1,5,3,9,1,7,7,2,3
198:1,2,7,9,4,9,7,1,7,8,2,1,8,6,5,9,1,7,9,6,5,7,7,2,4,1,5,3,2,2
199:2,9,1,4,7,3,6,3,3,2,2,8,8,7,2,3,6,9,1,2,9,3,4,9,5,2,5,7,6,2
200:5,2,3,1,4,6,6,4,9,9,1,5,9,1,5,3,6,3,1,7,4,4,8,6,7,6,9,2,7,7
201:2,5,8,8,4,6,5,9,7,3,8,2,1,1,7,6,7,4,9,7,3,6,4,2,4,7,8,9,1,2
202:1,2,9,9,6,5,1,6,8,1,1,5,4,6,1,1,7,9,2,4,5,8,7,7,4,2,6,9,7,4
203:7,9,5,7,6,8,1,9,6,6,8,3,2,2,2,1,1,1,3,9,3,5,9,4,6,3,3,8,4,8
204:5,1,8,6,2,3,6,1,9,7,4,4,7,9,2,2,8,4,8,8,5,9,2,6,5,4,5,5,6,8
205:5,4,6,7,4,4,9,3,3,8,4,8,7,3,1,6,9,6,5,3,1,3,3,6,3,8,3,3,9,2
206:2,5,2,4,4,3,1,5,4,1,8,7,8,5,3,8,6,8,6,8,2,8,1,2,7,3,9,3,4,4
207:4,4,9,9,3,4,4,9,8,5,5,1,2,3,6,4,1,9,1,6,7,4,5,5,1,3,1,4,2,9
208:6,9,6,2,3,5,5,3,5,3,8,1,5,9,1,8,4,8,2,5,7,6,5,8,2,2,4,8,4,5
209:8,9,7,2,2,8,3,5,2,9,5,8,5,2,6,7,6,2,1,4,6,9,5,1,9,1,5,5,4,1
210:1,2,3,8,3,5,2,4,4,9,9,8,5,9,5,8,4,6,8,8,9,4,5,2,9,3,3,5,6,1
211:9,9,6,1,6,5,2,4,9,2,1,2,9,4,1,1,4,5,7,5,4,5,3,7,3,7,3,9,2,6
212:4,9,4,1,6,2,2,5,3,4,2,3,5,7,7,6,7,5,9,7,3,7,1,4,3,4,7,3,6,9
213:2,1,8,7,5,1,7,9,8,2,4,1,9,7,4,7,5,7,3,7,5,5,4,7,6,1,1,6,8,6
214:6,3,2,2,9,5,3,3,6,1,1,1,1,2,5,9,1,2,9,6,2,7,3,9,8,3,8,1,9,7
215:2,3,4,6,5,4,4,8,8,6,4,9,4,3,1,6,4,4,9,2,3,1,4,7,5,1,2,4,3,5
216:5,8,6,2,1,1,5,7,2,9,6,9,6,4,2,8,8,1,5,8,4,2,2,5,5,6,8,2,3,3
217:9,6,4,8,7,9,1,4,3,2,7,8,9,5,8,8,2,8,8,4,9,4,2,6,3,5,4,6,8,5
218:5,4,9,9,9,5,8,1,3,9,4,7,1,5,1,3,7,3,9,6,9,5,6,1,1,6,6,5,5,6
219:4,4,9,9,3,4,4,9,8,5,5,1,2,3,6,4,5,9,1,6,7,4,5,5,1,3,1,4,2,9
220:6,9,6,6,4,1,5,7,1,8,1,3,1,2,3,5,2,8,6,9,2,7,4,5,5,7,8,6,5,2
221:9,1,1,4,3,8,2,1,9,1,7,4,8,4,9,2,3,4,6,5,7,5,9,9,3,8,6,4,6,7
222:5,4,9,9,9,5,8,1,3,9,4,7,1,5,1,3,7,3,9,6,9,5,6,1,1,6,6,5,5,9
223:3,3,7,1,4,2,7,3,9,2,1,9,9,4,6,2,5,6,6,5,6,3,6,9,4,9,5,5,8,7
224:9,5,5,5,8,2,2,8,2,6,3,6,2,9,1,2,9,7,9,9,2,2,9,5,1,7,9,9,2,2
225:4,6,3,9,7,2,4,7,2,4,2,2,7,8,8,1,7,6,4,2,9,2,1,7,5,4,4,2,4,7
226:8,3,7,2,1,1,1,1,5,9,3,5,6,9,8,7,3,2,5,8,4,2,8,2,6,7,9,1,7,9
227:6,9,7,8,4,6,1,6,4,8,7,6,6,8,8,8,2,4,4,3,6,7,5,3,3,7,7,4,6,5
228:2,2,2,5,6,1,4,9,9,1,1,5,9,7,1,2,6,6,1,2,1,4,3,5,4,1,3,5,5,2
229:1,6,6,3,9,8,6,1,5,3,2,1,9,4,7,2,5,2,7,8,4,7,7,3,2,5,3,9,9,1
230:6,3,3,2,8,6,3,1,4,3,2,3,3,5,1,3,3,9,5,5,3,7,3,3,3,5,2,6,9,8
231:3,7,9,8,7,3,2,2,3,1,6,2,1,1,1,9,1,6,4,2,1,5,5,7,6,1,7,5,6,8
232:8,9,1,8,7,3,1,2,8,9,6,7,6,3,5,4,4,3,6,7,6,6,7,9,5,7,8,4,7,8
233:8,5,5,6,9,5,1,9,5,1,3,2,4,6,9,7,6,4,7,7,7,2,9,1,3,2,5,3,7,4
234:5,8,7,2,5,5,8,8,4,5,5,3,5,3,9,1,6,1,2,2,9,6,4,4,5,5,6,6,7,8
235:2,1,4,2,9,3,2,6,6,3,1,3,9,6,9,8,6,3,7,3,5,3,2,5,6,7,6,5,2,3
236:3,9,7,7,3,9,5,2,7,8,5,1,5,3,5,8,8,7,5,9,3,2,1,4,3,2,1,4,3,2
237:6,3,2,6,3,5,1,6,6,6,6,7,4,9,9,2,6,8,2,5,8,2,4,8,7,4,9,3,2,6
238:5,3,3,2,9,2,9,7,8,2,3,9,5,9,4,8,7,8,1,5,5,4,4,6,8,3,9,7,1,4
239:9,9,6,1,6,5,2,4,9,2,1,2,9,4,1,1,4,5,7,5,5,5,3,7,3,7,3,9,2,1
240:5,5,2,7,4,4,7,7,9,5,4,4,4,6,5,8,8,9,8,6,2,6,6,1,2,7,7,1,8,4
241:4,7,7,1,8,1,6,7,2,9,6,3,1,2,4,6,3,7,8,7,1,8,5,5,2,7,4,6,2,7
242:6,7,4,4,1,7,3,8,7,2,7,4,2,9,5,3,8,8,5,7,2,2,5,5,1,5,4,1,3,9
243:1,8,2,7,7,4,2,2,7,6,9,5,5,1,9,3,2,1,6,3,9,9,1,6,4,5,7,7,1,7
244:2,8,1,9,6,1,6,1,9,5,5,9,8,3,9,1,5,1,4,8,7,1,5,8,6,9,1,8,8,1
245:9,5,2,2,2,4,8,7,7,8,6,4,7,8,3,4,8,2,6,9,2,7,4,1,8,6,5,9,4,4
246:9,6,8,7,6,9,9,5,5,8,2,7,7,7,4,5,8,6,1,7,9,1,2,2,3,2,7,3,3,2
247:8,3,5,6,2,5,3,6,2,6,5,2,1,4,9,5,7,1,1,7,5,3,9,6,3,1,1,8,8,8
248:8,3,9,5,4,7,8,2,1,1,3,5,2,4,4,5,4,8,7,6,8,9,7,6,6,9,1,5,3,9
249:6,7,2,1,7,9,7,7,9,6,3,6,5,1,8,8,3,6,6,8,2,2,6,3,4,1,5,5,1,8
250:6,7,7,7,5,1,8,6,1,6,3,8,3,9,4,7,8,3,5,5,5,3,4,1,9,3,1,4,2,5
251:4,9,9,8,8,3,7,4,6,8,1,3,5,9,8,5,5,1,6,1,2,4,5,8,6,9,9,4,8,1
252:6,7,2,7,7,9,7,7,9,6,3,6,5,1,8,8,3,6,6,8,2,2,6,3,4,1,5,5,1,8
253:4,5,5,5,9,1,6,8,9,1,5,9,6,4,2,1,9,5,2,4,1,1,5,8,9,5,7,3,6,9
254:5,8,7,2,5,5,8,8,4,5,5,3,5,3,9,1,6,1,2,2,9,6,4,4,7,5,6,6,7,6
255:7,1,1,1,1,3,5,2,7,4,8,6,8,7,3,3,7,1,5,2,3,1,6,5,5,2,2,2,8,5
256:9,6,4,8,7,9,1,4,3,2,7,8,9,5,8,8,2,8,8,4,9,4,2,6,3,5,4,6,8,7
257:9,3,5,5,8,2,2,8,2,6,3,6,2,9,1,2,9,7,9,9,2,2,9,5,1,7,9,9,2,2
258:9,4,3,1,9,7,8,5,9,2,2,9,7,9,7,2,5,3,8,7,8,4,6,9,7,6,9,6,6,4
259:2,3,5,7,3,9,6,6,8,3,6,1,3,7,9,6,2,7,3,8,4,2,6,4,3,4,5,5,7,3
260:5,5,2,7,4,4,7,7,9,5,4,4,4,6,5,8,8,9,8,6,2,6,6,1,2,7,7,1,8,3
261:9,6,7,2,3,8,6,3,8,6,3,9,8,5,4,9,8,4,2,1,1,2,4,8,3,8,9,6,2,9
262:7,1,9,8,1,8,7,8,2,6,9,8,7,1,7,1,1,4,3,7,3,5,2,1,2,6,9,7,4,7
263:5,8,1,2,6,8,6,4,9,6,9,6,8,3,1,5,9,9,4,6,8,5,3,2,5,5,1,5,2,3
264:1,5,2,1,6,6,3,7,6,3,3,7,6,9,2,4,4,9,9,7,7,4,2,1,5,5,1,1,2,7
265:2,8,1,9,6,1,6,1,9,5,5,9,8,3,9,1,5,1,4,1,7,1,5,8,6,9,1,8,8,1
266:5,7,2,9,6,5,7,7,1,6,3,6,1,5,9,1,5,8,1,8,1,9,5,3,3,6,9,8,2,2
267:3,7,9,8,7,3,7,2,3,1,6,2,1,1,1,9,1,6,4,2,1,5,5,7,6,1,7,5,6,8
268:2,3,8,3,8,3,2,3,3,6,6,4,2,2,6,8,6,9,2,4,2,4,5,2,1,4,7,3,1,2
269:1,7,7,9,1,1,2,5,4,1,2,9,1,3,1,8,9,4,4,8,7,5,9,2,2,6,5,3,9,2
270:3,6,1,3,6,6,6,8,1,7,7,3,5,6,6,4,4,5,3,9,8,6,4,9,7,9,4,6,4,5
271:8,8,7,8,6,8,1,9,4,3,5,5,2,6,5,8,7,2,5,3,7,3,3,8,2,6,4,1,8,1
272:5,9,4,6,6,9,2,5,6,4,9,5,9,7,2,3,7,2,7,5,1,6,8,1,3,7,8,9,8,9
273:2,7,8,5,9,3,1,5,3,7,6,7,3,5,9,4,3,4,9,4,6,4,5,5,8,1,1,1,1,1
274:6,4,5,6,4,7,5,2,8,1,1,4,5,9,4,7,1,5,5,8,5,4,9,9,3,2,6,3,7,3
275:6,6,9,1,6,4,2,3,7,9,4,2,4,4,7,2,2,4,1,4,8,3,5,8,9,7,5,8,7,3
276:9,8,9,4,1,4,6,9,7,4,3,9,3,3,4,9,2,6,4,2,7,1,1,1,8,6,8,1,2,8
277:7,3,9,9,3,7,3,7,2,5,9,2,2,5,4,9,5,9,5,1,2,6,5,6,9,9,2,3,7,4
278:9,7,3,4,2,4,3,9,2,1,8,5,1,8,9,2,8,8,1,7,8,8,1,8,4,9,5,4,8,5
279:6,6,3,9,8,7,2,2,5,8,6,9,5,2,2,7,9,8,3,3,8,5,4,8,2,5,7,9,7,8
280:8,7,4,6,9,4,3,1,4,8,1,7,6,2,7,9,5,1,3,9,7,4,8,3,2,2,5,7,8,6
281:2,7,3,8,5,7,4,2,8,4,5,1,7,3,7,6,8,1,3,9,6,5,6,4,3,9,9,6,1,2
282:6,1,1,8,4,3,3,6,1,8,5,6,4,7,7,9,7,7,2,4,3,9,2,5,9,1,2,7,2,2
283:9,4,2,9,5,1,7,4,5,5,9,2,9,5,8,3,8,7,8,4,1,6,5,6,2,4,5,3,5,1
284:8,2,4,5,9,6,8,6,3,3,2,5,8,3,4,1,2,6,8,1,4,4,6,1,5,1,5,3,6,9
285:4,7,7,1,8,1,6,7,2,9,6,3,6,2,4,6,3,7,8,7,1,8,5,5,2,7,4,6,2,7
286:1,5,5,5,5,4,1,7,9,7,3,5,3,7,6,3,5,8,6,8,3,7,1,2,1,9,5,8,5,6
287:8,1,4,9,2,6,3,4,6,5,2,9,4,5,1,2,5,8,5,2,7,4,1,8,1,5,8,7,2,9
288:8,5,8,3,4,3,9,9,8,5,6,7,6,7,8,9,8,9,3,2,8,3,5,2,5,5,5,2,9,5
289:7,6,6,5,2,5,4,4,3,7,9,2,6,7,4,2,4,3,4,1,9,5,5,7,2,6,2,5,4,4
290:9,5,3,3,8,4,7,1,2,6,8,2,7,6,8,1,9,6,9,8,8,4,3,3,3,9,9,6,5,6
291:1,8,1,3,1,8,8,2,1,5,7,2,6,2,3,2,2,4,3,5,9,6,3,1,9,6,9,3,7,9
292:5,6,2,6,4,1,9,1,9,7,9,4,2,4,8,6,9,7,2,6,4,3,8,5,9,3,6,6,7,2
293:4,6,7,2,6,7,8,5,7,8,7,8,5,1,9,7,6,8,2,5,6,1,9,6,4,8,3,1,9,2
294:5,4,1,7,8,5,4,6,8,7,3,3,2,9,7,9,5,1,5,5,1,1,9,3,3,7,4,2,9,3
295:8,9,4,1,3,9,4,4,8,6,1,1,2,6,3,9,6,2,2,3,1,4,5,2,5,2,9,3,2,7
296:4,3,9,2,7,8,2,9,8,4,5,8,5,6,1,3,7,4,7,1,1,5,1,5,1,5,6,3,9,1
297:4,5,7,5,6,7,9,9,9,9,3,6,7,4,4,4,4,6,2,2,4,1,2,6,1,4,3,2,2,5
298:8,5,8,3,4,3,9,9,8,5,6,7,6,7,8,9,8,9,3,2,8,3,5,2,5,5,5,2,9,9
299:1,6,7,8,3,1,2,5,2,5,2,7,3,4,8,3,5,8,3,1,6,6,5,4,5,1,8,9,7,2
300:8,3,2,6,9,8,7,1,3,3,3,1,2,1,5,1,1,9,9,2,8,3,3,7,2,8,8,1,6,3
301:1,8,2,7,7,4,2,2,7,6,9,5,5,1,9,3,2,1,6,3,9,9,1,6,4,5,7,7,1,9
302:4,6,3,9,7,2,4,7,2,4,2,2,7,8,8,1,7,6,4,2,9,2,1,7,5,4,4,2,4,4
303:7,2,1,7,1,2,9,6,2,3,7,5,4,4,1,1,1,8,6,8,8,3,7,8,7,5,5,5,7,5
304:1,2,9,9,6,5,1,6,8,1,1,5,4,6,1,1,7,9,2,4,5,8,7,7,4,2,6,9,7,4
305:8,5,7,9,1,2,9,3,1,8,4,5,7,1,9,6,9,9,2,2,6,5,5,1,1,6,8,4,5,3
306:4,7,2,5,6,3,5,9,2,4,4,9,8,7,9,3,8,8,5,6,5,7,7,7,1,9,7,9,8,2
307:6,8,8,9,7,6,4,4,5,8,5,9,2,5,2,7,8,9,3,2,3,2,7,8,1,1,5,5,1,3
308:1,7,9,6,3,2,9,7,3,5,7,6,6,4,9,7,8,7,9,6,5,8,3,4,3,1,6,6,5,3
309:2,7,3,8,5,7,4,2,8,4,5,1,7,3,7,6,8,1,3,9,6,5,6,4,3,9,9,6,1,9
310:2,5,5,5,3,3,3,1,5,4,8,3,9,5,4,6,5,4,2,8,6,6,7,9,9,4,4,5,8,5
311:3,9,6,1,5,7,4,5,4,4,3,3,4,2,4,1,1,1,9,8,6,8,7,9,8,2,4,3,1,5
312:3,4,4,3,9,6,7,9,7,5,8,9,5,1,7,9,9,1,5,4,5,5,2,3,5,9,3,9,4,8
313:9,8,2,4,2,3,6,7,9,1,8,3,9,9,1,6,8,7,2,9,7,3,5,6,6,5,8,5,3,1
314:7,7,4,8,3,9,9,9,4,8,9,6,7,4,4,9,1,6,8,3,2,7,6,9,5,1,7,3,4,6
315:2,3,6,2,7,4,1,5,8,6,5,9,5,5,3,3,9,7,8,5,7,7,8,5,2,2,6,5,8,9
316:8,4,2,7,6,8,6,6,4,5,9,8,7,6,3,6,6,9,9,2,7,4,4,2,7,3,1,6,2,9
317:2,4,5,5,8,6,7,4,1,9,8,5,1,3,8,5,6,3,3,1,2,2,9,6,5,5,4,4,6,6
318:5,5,3,6,8,6,4,5,2,5,8,8,8,8,8,6,2,4,4,3,9,4,2,5,9,7,9,6,7,3
319:9,7,3,4,2,4,3,9,2,1,8,5,1,8,9,2,8,8,1,7,8,8,1,2,4,9,5,4,8,5
320:2,3,5,7,3,9,6,6,8,3,6,1,3,7,9,6,2,7,3,8,4,2,6,4,3,4,5,5,2,8
321:5,2,3,1,4,6,6,4,9,9,1,5,9,1,5,3,6,3,1,7,4,4,8,6,7,6,9,2,7,6
322:8,5,3,7,9,1,5,2,7,6,8,5,3,8,2,2,4,5,3,7,1,9,5,8,7,1,4,9,8,3
323:3,5,4,5,5,7,2,1,5,3,7,8,3,7,4,7,4,9,6,7,9,5,1,6,2,9,3,6,4,9
324:6,4,2,4,6,9,3,7,2,5,9,8,3,7,9,5,4,4,6,4,6,7,4,6,2,7,3,9,3,7
325:9,2,4,3,7,7,5,2,2,8,2,6,9,8,3,3,1,3,6,7,6,9,6,4,9,8,8,1,4,9
326:6,6,9,1,6,4,2,3,7,9,4,2,4,4,7,2,2,4,1,4,8,3,5,8,9,7,5,8,7,8
327:8,3,7,2,1,1,1,1,5,9,3,5,6,9,8,7,3,1,5,8,4,2,8,2,6,7,9,1,7,2
328:5,2,2,6,6,9,7,1,2,1,7,6,1,1,4,6,3,7,8,7,1,5,2,7,2,4,5,7,4,2
329:8,4,2,7,6,8,6,6,4,5,9,8,7,6,3,6,6,9,9,2,7,4,4,2,7,3,1,6,2,9
330:4,9,9,6,7,7,1,6,9,7,6,9,9,1,7,8,5,4,6,3,3,8,9,6,6,7,8,2,8,6
331:3,9,7,7,3,9,5,2,7,8,5,1,5,3,5,8,8,7,5,9,3,2,1,4,3,2,7,4,3,2
332:6,2,1,1,3,5,8,6,1,3,6,1,5,8,4,1,7,5,1,1,2,2,2,8,3,1,3,4,1,4
333:8,9,8,7,4,9,9,2,8,8,2,8,8,2,1,1,8,3,5,3,1,1,1,6,3,8,3,2,2,9
334:4,3,2,2,9,5,3,3,6,1,1,1,1,2,5,9,1,2,9,6,2,7,3,9,8,3,8,1,9,2
335:5,8,1,6,7,7,8,6,9,6,2,1,8,5,2,2,2,8,9,8,6,2,7,5,6,5,4,2,5,5
336:8,7,2,3,8,4,2,3,2,7,1,5,3,1,2,7,7,8,8,6,1,6,5,3,2,7,5,7,8,2
337:5,6,5,7,9,7,6,7,1,8,4,6,9,4,8,8,5,4,6,6,4,3,7,7,2,8,9,1,9,9
338:4,6,9,2,5,9,8,9,6,3,4,3,3,8,7,1,8,6,6,5,7,4,7,2,1,1,4,6,4,4
339:7,5,2,8,3,7,5,6,7,2,8,2,3,9,5,5,8,8,1,7,7,2,9,9,8,1,4,3,6,5
340:2,2,2,5,6,1,4,9,9,1,1,5,9,7,1,2,3,6,1,2,1,4,3,5,4,1,3,5,5,3
341:5,8,6,2,1,1,5,7,2,9,6,9,6,4,2,8,8,1,5,8,4,2,2,5,5,6,8,2,3,4
342:8,5,5,6,9,5,1,9,5,1,3,2,4,6,9,7,6,4,7,7,7,2,9,1,3,8,5,3,7,2
343:2,6,5,1,5,6,8,4,4,4,4,6,3,4,8,3,2,6,8,3,5,5,8,1,6,3,9,9,3,1
344:9,5,2,1,2,4,8,7,7,8,6,4,7,8,3,4,8,2,6,9,2,7,4,1,8,6,5,9,4,4
345:4,5,3,2,6,4,1,2,9,3,3,6,3,4,6,6,8,6,2,4,5,3,8,7,3,3,7,5,6,4
346:1,2,4,6,4,6,4,8,4,3,9,7,7,6,3,9,1,3,9,6,6,5,9,8,2,6,4,5,8,2
347:4,5,1,1,9,8,7,8,5,1,3,1,9,6,1,3,3,7,2,2,2,1,2,9,5,7,5,9,6,1
348:9,7,5,2,5,4,3,6,6,3,3,1,9,8,1,9,1,4,2,4,9,7,4,7,3,7,1,7,2,1
349:8,7,4,3,3,7,9,1,3,8,6,9,9,2,2,4,8,1,8,6,2,3,2,1,5,4,4,8,3,5
350:1,6,7,8,3,1,2,5,2,5,2,5,3,4,8,3,5,8,3,1,6,6,5,4,5,1,8,9,7,2
351:7,3,1,3,9,8,6,7,4,1,3,5,6,4,1,6,7,1,1,8,1,7,6,3,9,7,4,9,1,9
352:4,3,2,8,8,5,7,3,9,1,4,1,8,8,2,1,2,8,7,6,3,8,5,7,3,3,2,8,4,2
353:8,4,2,5,4,2,9,4,9,6,7,4,5,5,7,9,6,8,7,4,4,7,9,4,2,2,9,4,4,9
354:4,7,5,2,6,3,8,6,7,1,8,5,4,6,7,1,6,9,2,6,6,2,2,1,1,5,2,1,3,4
355:6,1,9,7,9,7,1,2,4,8,1,5,4,1,7,9,8,8,9,4,9,3,7,4,8,6,3,4,6,9
356:2,8,1,9,6,1,6,1,9,5,5,9,8,3,9,1,5,1,4,1,7,1,5,8,6,9,1,8,8,2
357:9,3,3,3,4,3,8,3,7,1,2,6,4,7,7,6,5,9,7,9,2,5,1,8,3,8,2,3,1,3
358:7,2,6,8,3,7,4,1,4,5,1,2,1,9,6,8,3,1,1,6,4,3,3,2,1,1,4,8,3,2
359:8,1,5,7,6,3,2,3,8,1,4,7,6,8,8,4,4,9,8,1,4,2,2,1,9,9,7,9,5,4
360:1,3,5,2,1,4,8,2,4,9,3,9,2,6,8,1,4,3,6,6,4,3,7,7,2,3,7,6,9,9
361:7,5,1,9,4,6,7,6,3,5,5,5,9,9,4,6,9,7,1,2,6,2,5,8,2,2,2,5,3,1
362:1,2,1,8,3,5,2,4,4,9,9,8,5,9,5,8,4,6,8,8,9,4,5,2,9,3,3,5,6,7
363:2,6,9,1,1,5,9,4,8,3,4,3,5,6,3,1,9,9,5,2,5,5,7,2,6,6,5,7,3,7
364:8,4,2,7,6,8,6,6,4,5,9,8,7,9,3,6,6,9,9,2,7,4,4,2,7,3,1,6,2,9
365:4,8,7,1,8,7,1,2,6,2,2,2,6,2,6,8,6,6,2,5,3,7,4,9,3,1,5,2,5,1
366:2,1,5,9,6,1,4,5,2,7,1,9,9,6,5,6,1,5,9,4,8,6,6,3,6,2,9,6,4,8
367:7,1,1,1,1,3,5,2,7,4,8,6,8,7,9,3,7,1,5,2,3,1,6,5,5,2,2,2,8,5
368:4,5,1,1,9,8,7,8,5,1,3,1,9,6,1,3,3,7,2,2,2,1,2,9,3,7,5,9,6,1
369:2,4,7,4,1,4,2,1,6,7,4,8,8,6,6,5,9,5,5,3,7,2,3,1,9,3,5,1,6,3
370:6,2,1,3,8,6,3,9,3,2,4,4,3,8,7,8,1,1,7,7,5,7,6,1,4,3,2,4,6,2
371:8,1,3,7,9,1,5,9,2,3,3,2,6,6,3,8,4,3,5,8,2,6,7,6,9,9,7,1,3,1
372:1,2,4,5,5,7,9,5,2,9,2,8,9,9,7,5,3,2,9,8,4,2,8,9,9,5,5,4,5,6
373:8,3,7,2,1,1,1,1,5,9,3,5,6,9,8,7,3,2,5,8,4,2,8,2,6,7,9,1,7,2
374:7,2,8,1,3,1,8,2,6,3,1,2,4,4,8,1,6,5,5,5,4,9,3,2,7,1,8,2,1,5
375:4,3,8,8,3,8,8,3,7,5,1,4,7,8,5,2,3,4,2,9,7,6,2,4,8,9,7,1,6,2
376:4,1,7,1,1,8,2,8,7,1,8,1,2,7,4,1,6,3,9,5,4,7,4,3,9,2,7,8,5,2
377:7,8,7,3,6,6,1,8,1,1,1,3,3,4,9,5,5,9,2,9,4,4,3,3,8,7,7,9,8,3
378:1,2,4,6,4,6,4,8,4,3,9,7,7,6,3,9,1,3,9,6,6,5,9,8,2,6,4,5,8,1
379:3,6,1,5,9,5,9,8,8,4,6,9,3,7,8,1,3,6,7,5,5,7,4,9,5,2,7,5,6,3
380:8,7,4,3,3,7,9,1,3,8,6,9,9,2,2,4,8,1,8,6,2,3,2,1,5,4,4,8,3,2
381:5,4,3,4,9,6,9,6,7,1,6,3,5,5,6,2,9,8,8,5,5,6,4,3,1,9,7,9,7,2
382:2,5,8,6,8,1,7,5,9,2,9,9,3,8,1,5,8,9,2,9,2,1,4,1,2,9,1,4,7,7
383:1,3,4,6,4,3,8,6,9,3,5,8,6,3,9,5,4,1,6,1,1,6,4,4,8,1,8,3,5,9
384:7,4,9,5,5,2,2,3,9,4,6,4,3,4,3,5,2,8,3,6,6,6,5,2,9,1,2,6,1,8
385:8,1,4,9,2,6,3,4,6,5,2,9,4,5,1,2,5,8,5,2,7,4,1,8,1,5,8,7,7,9
386:8,6,9,4,8,9,7,2,9,3,4,7,8,4,4,4,6,4,9,7,8,6,1,8,3,3,6,6,5,2
387:3,3,8,2,5,7,1,3,5,8,5,3,2,2,5,3,3,3,4,4,8,5,2,2,8,3,9,2,2,8
388:7,5,7,1,7,7,2,8,9,8,6,2,1,5,2,3,5,1,2,9,7,3,8,5,8,1,2,4,4,9
389:4,9,4,4,7,5,6,9,4,7,5,8,4,7,2,2,4,8,5,6,8,9,2,2,5,4,5,8,7,7
390:3,5,1,5,4,3,4,8,4,9,9,4,4,2,5,1,3,2,8,7,4,7,4,9,5,5,3,9,4,6
391:5,9,1,5,1,8,3,6,1,7,6,8,4,3,9,3,2,2,2,2,7,9,4,5,4,4,8,5,5,3
392:6,1,4,5,6,5,9,5,8,3,5,7,5,7,8,4,7,2,8,3,7,1,2,3,1,1,8,1,1,9
393:8,2,9,9,9,4,2,8,7,5,8,7,5,6,6,7,7,4,6,1,3,6,5,2,7,6,6,8,9,8
394:4,8,9,5,9,5,3,9,1,8,6,1,5,2,5,9,6,3,1,5,2,3,3,7,9,2,5,5,7,9
395:1,7,7,9,1,1,2,5,4,1,2,9,1,3,1,8,9,4,4,8,7,5,9,2,2,6,5,3,9,5
396:8,9,8,7,4,9,9,2,8,8,2,8,8,2,1,1,8,3,5,3,1,1,1,6,3,8,3,2,2,5
397:4,4,9,7,5,7,4,7,5,5,4,4,5,8,2,2,2,3,8,1,2,6,3,8,1,8,7,4,2,5
398:8,1,1,1,2,3,3,7,9,7,5,1,5,1,6,9,8,7,5,5,7,4,1,1,5,3,8,4,9,4
399:7,5,9,1,4,6,3,7,5,3,1,4,7,8,2,4,3,6,7,5,8,3,4,5,4,9,9,6,4,7
400:4,5,3,7,3,8,9,1,2,4,6,8,4,6,4,1,7,1,6,5,5,8,7,7,1,3,5,6,1,5
401:5,8,1,2,6,8,6,4,9,6,9,6,8,3,1,5,9,9,4,6,8,5,3,2,5,5,1,5,2,6
402:5,8,1,6,7,7,8,6,9,6,2,1,8,5,2,2,2,8,9,8,6,2,7,5,6,5,4,2,5,7
403:2,1,5,9,6,1,4,5,2,7,1,9,9,6,5,6,1,5,9,4,8,6,6,3,6,2,9,6,4,6
404:9,4,8,5,1,6,4,1,6,3,1,6,7,5,4,4,7,1,6,8,2,3,2,3,9,2,9,3,6,4
405:9,3,3,3,4,3,8,3,7,1,2,6,4,7,7,6,5,9,7,9,2,5,1,8,3,8,2,3,1,9
406:5,8,6,2,1,1,5,7,2,9,6,9,6,4,2,8,8,1,5,8,4,2,2,5,5,6,8,2,3,4
407:1,2,4,5,3,1,6,9,2,5,6,3,3,5,6,2,9,1,5,1,3,8,1,7,3,1,1,9,1,8
408:9,7,2,5,2,4,2,3,9,5,6,5,3,8,2,1,6,2,7,8,3,8,8,5,4,2,2,1,1,5
409:7,5,1,9,4,6,7,6,3,5,5,5,9,9,4,6,9,7,1,2,6,2,5,8,2,2,2,5,3,8
410:1,8,2,7,7,4,2,2,7,6,9,5,5,1,9,3,2,1,6,3,9,9,1,6,4,5,7,7,1,7
411:7,7,7,3,9,8,6,3,9,8,1,8,8,9,4,3,2,9,5,4,9,7,7,7,2,6,8,7,1,9
412:6,5,9,9,7,4,6,9,5,3,6,3,4,8,6,4,8,1,9,8,3,2,5,2,9,3,7,4,2,8
413:5,3,9,4,4,4,7,7,1,4,3,3,5,7,4,3,5,5,6,2,2,9,3,1,6,4,2,1,8,3
414:3,9,9,5,4,4,3,8,7,2,4,8,1,3,1,2,2,9,7,9,1,7,3,4,3,2,4,5,6,1
415:8,5,8,3,4,3,9,9,8,5,6,7,6,7,8,6,8,9,3,2,8,3,5,2,5,5,5,2,9,5
416:2,5,3,8,7,3,2,8,9,5,6,6,8,5,2,9,2,5,5,3,6,8,9,2,2,6,9,6,9,5
417:3,3,8,2,5,7,1,3,3,8,5,3,2,2,5,3,3,3,4,4,8,5,2,2,8,3,9,2,2,5
418:3,6,1,3,6,6,6,8,1,7,7,3,5,4,6,4,4,5,3,9,8,6,4,9,7,9,4,6,4,5
419:8,3,9,5,4,7,8,2,1,1,3,5,2,4,4,5,4,8,7,6,8,9,7,3,6,9,1,5,3,9
420:1,1,9,7,8,4,4,9,4,4,8,3,9,1,5,7,8,3,3,9,6,3,6,6,2,6,4,1,8,6
421:8,7,4,3,3,7,9,1,3,8,6,9,9,2,2,4,8,1,8,6,2,3,2,1,5,4,4,8,3,2
422:8,7,2,3,8,4,2,3,2,7,1,5,3,1,2,7,7,8,2,6,1,6,5,3,2,7,5,7,8,2
423:8,1,1,1,2,3,3,7,9,7,5,1,5,1,6,9,8,7,5,5,7,4,1,1,9,3,8,4,9,4
424:3,5,4,5,5,7,2,1,5,3,7,8,3,7,5,7,4,9,6,7,9,5,1,6,2,9,3,6,4,9
425:2,6,5,1,5,6,8,4,4,4,4,6,3,4,8,3,2,6,8,3,5,5,8,1,6,3,9,9,3,3
426:5,6,5,7,9,7,6,7,1,8,4,6,9,4,8,8,5,4,6,2,4,3,7,7,2,8,9,1,9,9
427:6,7,1,4,7,7,2,8,3,8,8,3,9,2,3,7,6,3,3,5,6,1,4,4,6,1,7,3,2,2
428:6,6,9,1,6,4,2,3,7,9,7,2,4,4,7,2,2,4,1,4,8,3,5,8,9,7,5,8,7,8
429:4,5,5,4,4,1,7,5,4,7,6,3,5,1,9,2,8,9,6,9,5,5,3,3,5,8,1,3,9,4
430:2,1,4,7,3,9,5,1,3,9,2,3,7,6,1,3,8,9,5,9,2,9,6,5,5,5,5,4,5,2
431:3,9,7,7,3,9,5,2,7,8,5,1,5,3,5,8,8,7,5,9,3,2,1,4,3,2,7,4,3,5
432:3,4,6,9,6,9,4,8,8,2,2,9,3,3,6,2,4,1,6,7,3,1,2,8,2,3,6,2,4,4
433:4,4,2,5,9,8,4,3,2,5,8,7,3,1,5,7,2,4,8,7,8,4,5,6,6,5,4,6,1,4
434:3,2,9,2,8,7,4,4,5,1,8,2,1,8,4,5,4,9,7,9,7,5,8,8,3,3,8,9,8,2
435:3,6,2,5,9,1,7,9,9,6,1,4,9,9,2,7,7,2,3,2,5,3,2,6,5,3,3,9,3,8
436:3,6,1,5,9,5,9,8,7,4,6,9,3,7,8,1,3,6,7,5,5,7,4,9,5,2,7,5,6,3
437:3,1,7,7,7,7,6,1,8,4,2,2,9,1,3,7,3,2,4,8,6,8,1,2,7,5,6,8,5,1
438:4,5,1,1,9,8,7,8,5,1,3,1,9,6,1,3,3,7,2,2,2,1,2,9,5,7,5,9,6,2
439:6,3,4,5,9,9,1,8,3,4,9,3,1,9,2,9,6,8,9,1,4,7,9,3,2,6,1,3,3,1
440:7,5,9,2,4,6,3,7,5,3,1,4,7,8,2,4,3,6,7,5,8,3,4,5,4,9,9,6,4,3
441:2,5,2,8,9,9,9,7,7,6,3,9,5,4,2,7,4,2,8,1,4,7,1,5,8,9,9,7,5,4
442:3,8,8,9,8,8,1,8,3,9,1,1,6,6,7,4,6,7,8,3,6,5,9,8,4,1,4,3,9,8
443:7,2,9,3,9,6,7,9,8,1,4,8,9,1,9,8,6,2,2,4,6,1,8,4,8,1,3,3,7,6
444:1,2,7,9,4,9,7,1,7,8,2,1,8,6,5,9,1,7,9,6,5,7,7,2,4,1,8,3,2,7
445:8,8,4,1,3,9,4,4,8,6,1,1,2,6,3,9,6,2,2,3,1,4,5,2,5,2,9,3,2,7
446:1,2,1,8,3,5,2,4,4,9,9,8,5,9,5,8,4,6,8,8,9,4,5,2,9,3,3,5,6,1
447:5,4,5,6,3,9,7,6,7,3,8,9,1,6,4,3,1,8,5,8,6,6,6,4,3,3,6,2,3,9
448:5,4,9,1,7,2,5,3,2,9,7,2,3,5,6,4,5,1,4,3,6,6,8,3,8,5,2,9,3,6
449:4,8,7,1,8,7,1,2,6,2,2,2,6,2,6,8,6,6,2,5,3,7,8,9,3,1,5,2,5,1
450:3,8,4,2,3,8,7,5,4,5,7,4,7,7,5,5,7,5,8,5,6,6,2,1,4,2,1,4,3,3
451:7,2,6,8,3,7,4,1,4,5,1,2,1,9,6,8,3,1,1,6,4,3,3,2,1,1,6,8,3,2
452:7,5,1,9,4,6,7,6,3,5,5,5,9,9,4,6,9,7,1,2,6,2,5,8,1,2,2,5,3,1
453:5,3,1,7,7,7,7,7,9,2,6,8,1,3,1,2,7,7,5,8,6,8,9,6,5,7,9,7,6,8
454:4,7,4,8,2,6,2,6,1,1,2,2,6,6,3,6,7,6,6,8,6,9,1,7,5,8,8,2,1,1
455:4,7,5,2,6,3,8,6,7,3,8,5,4,6,7,1,6,9,2,6,6,2,2,1,1,5,2,1,3,9
456:7,1,1,1,1,3,5,2,7,4,8,6,8,7,9,3,7,1,5,2,3,1,6,5,5,2,2,2,8,5
457:3,7,9,8,7,3,7,2,3,1,6,2,1,1,1,9,1,6,4,2,1,5,5,7,6,1,7,5,6,4
458:6,8,9,6,1,2,3,9,5,8,9,3,5,5,2,7,7,8,5,1,6,9,7,4,4,9,2,3,5,3
459:6,1,1,7,8,5,8,4,5,8,7,9,1,5,7,8,3,7,5,6,8,5,2,6,7,4,9,3,8,7
460:2,5,3,6,6,4,3,9,7,5,2,6,3,2,1,1,4,7,9,5,1,8,4,4,3,2,3,5,4,3
461:8,1,1,1,2,3,3,7,9,7,5,1,5,1,6,9,8,7,5,5,7,4,1,1,5,3,8,4,9,1
462:5,9,2,3,5,5,5,3,6,6,4,8,3,4,3,7,5,9,3,4,2,4,2,8,1,1,5,2,2,2
463:4,7,1,2,7,3,5,1,3,1,2,4,6,1,3,1,2,4,6,7,8,6,6,9,3,9,7,7,7,8
464:4,4,9,9,3,4,4,9,8,5,5,1,2,3,6,4,1,9,1,6,7,4,5,5,1,3,1,4,2,1
465:3,3,6,8,7,3,9,5,9,4,9,9,6,6,6,4,5,9,9,8,3,5,7,4,9,8,5,8,6,2
466:7,7,7,3,9,8,6,3,9,8,1,8,8,9,4,3,2,9,5,4,9,7,7,7,2,6,8,7,1,2
467:1,9,1,8,2,8,5,7,3,5,7,8,8,4,1,4,9,7,8,1,3,4,9,1,9,9,6,9,4,2
468:2,6,1,6,2,9,8,7,5,8,6,5,8,6,9,3,2,1,5,6,1,3,4,5,6,2,7,1,4,7
469:6,1,1,7,8,5,8,4,5,8,7,9,1,5,7,8,3,7,5,6,8,5,2,6,7,4,9,3,8,1
470:9,6,4,8,7,9,1,4,3,2,7,8,9,5,8,8,2,8,8,4,9,4,2,6,3,5,4,6,8,7
471:4,2,9,6,1,9,3,5,4,8,9,7,7,6,4,3,7,4,1,4,2,9,4,6,4,2,5,5,5,1
472:1,1,4,6,9,2,9,4,9,5,7,6,3,6,7,7,5,5,3,6,3,4,4,5,9,6,8,1,9,8
473:9,5,2,1,2,4,8,7,7,8,6,4,7,8,3,4,8,2,6,9,2,7,4,1,8,6,5,9,4,7
474:4,4,2,5,9,8,4,3,2,5,8,7,3,1,5,7,2,4,8,7,8,4,5,6,6,5,4,6,1,1
475:6,2,7,8,2,1,1,8,5,1,4,2,9,6,7,9,1,6,9,1,9,4,7,9,5,5,2,9,7,2
476:4,4,8,5,2,4,4,9,8,1,8,9,5,1,8,1,3,1,6,2,6,3,4,6,6,4,8,8,9,2
477:9,4,6,4,8,1,6,3,9,5,3,3,5,9,3,9,2,3,3,3,9,6,3,6,7,4,5,2,3,9
478:1,9,3,2,6,4,2,6,8,3,9,6,4,7,6,5,2,2,5,8,4,5,8,3,9,8,1,9,8,3
479:1,7,6,1,9,3,4,4,2,3,1,9,9,7,8,6,1,4,5,1,3,6,3,8,6,3,2,8,9,3
480:4,3,8,9,7,3,7,9,1,3,8,1,2,7,3,2,2,6,2,3,3,1,6,1,5,2,9,1,3,9
481:3,5,1,2,3,4,7,9,3,6,3,9,3,4,6,1,9,5,7,5,8,1,1,6,4,3,8,4,8,1
482:7,3,9,9,3,7,3,7,2,5,9,2,2,5,4,9,5,9,5,1,2,6,5,6,9,9,2,3,7,2
483:3,4,1,8,2,3,3,4,3,5,3,7,1,9,4,3,5,9,3,2,9,9,8,3,2,9,9,4,1,6
484:1,7,6,1,9,3,4,4,2,3,1,9,9,7,8,6,1,4,5,1,3,6,3,8,6,3,2,8,9,3
485:8,7,4,6,9,4,3,1,4,8,1,7,6,2,7,9,5,1,3,9,7,4,8,3,2,2,5,7,4,6
486:6,7,1,4,7,7,2,8,3,8,8,3,9,2,3,7,6,3,3,5,6,1,4,4,6,2,7,3,2,4
487:3,3,7,8,5,6,9,4,5,1,4,7,5,3,2,8,2,7,8,2,4,3,5,5,4,4,7,6,1,2
488:3,6,3,6,6,5,1,9,6,9,7,9,7,4,3,9,5,5,4,8,9,5,4,3,7,1,3,5,5,8
489:5,1,8,6,2,3,6,1,1,7,4,4,7,9,2,2,8,4,8,8,5,9,2,6,5,4,5,5,6,8
490:9,8,2,4,2,3,6,7,9,1,8,3,9,9,1,6,8,7,2,9,7,3,5,6,6,5,8,5,3,7
491:2,2,2,5,6,1,4,9,9,1,1,5,9,7,1,2,6,6,1,2,1,4,3,5,4,1,3,5,5,3
492:4,6,3,9,4,2,4,7,2,4,2,2,7,8,8,1,7,6,4,2,9,2,1,7,5,4,4,2,4,7
493:3,5,3,9,8,2,6,4,4,9,5,5,9,1,6,1,4,9,1,3,8,1,8,3,9,8,6,4,1,6
494:3,7,2,6,7,7,6,1,6,9,5,6,1,1,7,5,5,2,3,2,4,7,5,3,6,1,6,9,5,8
495:1,7,9,6,3,2,9,7,3,5,7,6,6,4,9,7,8,7,9,6,5,8,3,4,3,1,6,6,5,4
496:5,9,9,3,7,8,2,2,1,4,8,7,4,1,6,8,1,4,5,3,8,9,9,3,6,8,9,8,8,1
497:8,2,1,3,2,6,2,6,6,5,4,9,3,7,3,7,5,6,2,6,2,6,2,5,7,2,6,2,7,5
498:2,4,2,6,7,9,2,3,6,5,7,1,2,5,4,4,9,9,6,5,4,4,8,4,5,4,2,7,2,1
499:8,8,4,1,3,9,4,4,8,6,1,1,2,6,3,9,6,2,2,3,1,4,5,2,5,2,9,3,2,1
500:5,5,2,7,4,4,7,7,9,5,4,4,4,6,5,8,8,9,8,8,2,6,6,1,2,7,7,1,8,3